1 1 5 250 1232
1 1 7 1233 1392
1 1 4 1393 2194
1 1 8 2195 2359
1 1 5 2360 3374
1 1 11 3375 3662
1 1 6 3663 4538
1 1 10 4539 4735
1 1 4 4736 5667
1 1 9 5668 5859
1 1 6 5860 6786
1 1 12 6787 6977
1 1 1 7496 8078
1 1 1 8356 9250
1 1 1 9657 10567
1 1 1 10750 11714
1 1 3 13191 13846
1 1 2 14069 14699
1 1 3 14869 15492
1 1 2 15712 16377
1 1 3 16530 17153
1 1 2 17298 17970
2 1 5 251 1226
2 1 7 1227 1432
2 1 4 1433 2221
2 1 8 2222 2377
2 1 5 2378 3304
2 1 11 3305 3572
2 1 6 3573 4435
2 1 10 4436 4619
2 1 4 4620 5452
2 1 9 5453 5689
2 1 6 5690 6467
2 1 12 6468 6709
2 1 1 7624 8252
2 1 1 8618 9576
2 1 1 9991 10927
2 1 1 11311 12282
2 1 3 13129 13379
2 1 3 13495 13927
2 1 2 14128 14783
2 1 3 15037 15684
2 1 2 15920 16598
2 1 3 16847 17471
2 1 2 17725 18425
3 2 5 298 1398
3 2 7 1399 1555
3 2 4 1686 2627
3 2 8 2628 2769
3 2 5 2770 3904
3 2 11 3905 4322
3 2 6 4323 5139
3 2 10 5140 5417
3 2 4 5418 6190
3 2 9 6191 6415
3 2 6 6416 7367
3 2 12 7368 7548
3 2 1 8434 9501
3 2 1 9854 10926
3 2 3 11704 12390
3 2 2 12631 13306
3 2 3 13649 14244
3 2 2 14528 15166
3 2 3 15477 16002
3 2 2 16259 16870
4 2 5 524 1351
4 2 7 1352 1511
4 2 4 1512 2309
4 2 8 2310 2448
4 2 5 2449 3337
4 2 11 3338 3542
4 2 6 3543 4348
4 2 10 4349 4490
4 2 4 4491 5301
4 2 9 5302 5455
4 2 6 5456 6417
4 2 12 6418 6598
4 2 1 7306 8343
4 2 1 8720 9686
4 2 3 10438 11056
4 2 2 11294 11928
4 2 3 12171 12732
4 2 2 12986 13602
4 2 3 13862 14444
4 2 2 14705 15274
5 3 5 243 1364
5 3 7 1365 1506
5 3 4 1507 2360
5 3 8 2361 2470
5 3 5 2471 3618
5 3 11 3619 3834
5 3 6 3835 4850
5 3 10 4851 5074
5 3 4 5075 6059
5 3 9 6060 6210
5 3 6 6211 7378
5 3 12 7379 7562
5 3 1 8687 9837
5 3 1 10240 11305
5 3 2 14018 14694
5 3 3 15098 15693
5 3 2 15985 16611
5 3 3 16964 17559
5 3 2 17811 18477
5 3 3 18810 19325
5 3 2 19536 20152
6 3 5 482 1493
6 3 7 1494 1683
6 3 4 1684 2515
6 3 8 2516 2698
6 3 5 2699 3873
6 3 11 3874 4108
6 3 6 4109 5211
6 3 10 5212 5408
6 3 4 5409 6410
6 3 9 6411 6580
6 3 6 6581 7720
6 3 12 7721 7887
6 3 1 8700 9666
6 3 1 10005 10940
6 3 3 11720 12410
6 3 2 12703 13384
6 3 3 13660 14332
6 3 2 14587 15213
6 3 3 15375 15972
6 3 2 16146 16779
7 4 5 198 1291
7 4 7 1292 1527
7 4 4 1528 2381
7 4 8 2382 2511
7 4 5 2512 3416
7 4 11 3417 3748
7 4 6 3749 4816
7 4 10 4817 5031
7 4 4 5032 5896
7 4 9 5897 6120
7 4 6 6121 7109
7 4 12 7110 7275
7 4 1 8125 9269
7 4 1 9443 10483
7 4 3 11340 11596
7 4 3 11824 12047
7 4 2 12653 13437
7 4 3 13625 14341
7 4 2 14548 15230
7 4 3 15391 16025
7 4 2 16178 16814
8 4 5 230 1292
8 4 7 1293 1470
8 4 4 1471 2430
8 4 8 2431 2573
8 4 5 2574 3438
8 4 11 3439 3757
8 4 6 3758 4574
8 4 10 4575 4784
8 4 4 4785 5600
8 4 9 5601 5835
8 4 6 5836 6681
8 4 12 6682 6852
8 4 1 7873 8907
8 4 1 9045 10016
8 4 3 10629 11231
8 4 2 11392 11991
8 4 3 12205 12762
8 4 2 12939 13565
8 4 3 13729 14283
8 4 2 14391 15007
9 5 5 136 1221
9 5 7 1222 1386
9 5 4 1387 2199
9 5 8 2200 2325
9 5 5 2326 3314
9 5 11 3315 3660
9 5 6 3661 4599
9 5 10 4600 4855
9 5 4 4856 5686
9 5 9 5687 5906
9 5 6 5907 6876
9 5 12 6877 7049
9 5 1 7891 9023
9 5 1 9216 10237
9 5 3 11051 11704
9 5 2 11867 12553
9 5 3 12795 13414
9 5 2 13567 14201
9 5 3 14384 14963
9 5 2 15087 15725
10 5 5 153 1152
10 5 7 1153 1387
10 5 4 1388 2182
10 5 8 2183 2311
10 5 5 2312 3283
10 5 11 3284 3598
10 5 6 3599 4463
10 5 10 4464 4666
10 5 4 4667 5429
10 5 9 5430 5688
10 5 6 5689 6564
10 5 12 6565 6706
10 5 1 7443 8357
10 5 1 8547 9452
10 5 3 10006 10586
10 5 2 10751 11344
10 5 3 11526 12055
10 5 2 12187 12755
10 5 3 12928 13471
10 5 2 13593 14163